define_size = 0, lr_angle.svg
hotspot_x = 0.791666666666667
hotspot_y = 0.791666666666667
