define_size = 0, nw-resize.svg
hotspot_x = 0.166666666666667
hotspot_y = 0.166666666666667
define_override = top_left_corner
