define_size = 0, dnd-move.svg
hotspot_x = 0.416666666666667
hotspot_y = 0.416666666666667
