define_size = 0, nesw-resize.svg
hotspot_x = 0.458333333333333
hotspot_y = 0.458333333333333
define_override = 50585d75b494802d0151028115016902;fcf1c3c7cd4491d801f1e1c78f100000;fd_double_arrow;size-bdiag;size_bdiag
