define_size = 0, all-scroll.svg
hotspot_x = 0.458333333333333
hotspot_y = 0.458333333333333
