define_size = 0, zoom-out.svg
hotspot_x = 0.416666666666667
hotspot_y = 0.416666666666667
define_override = zoom_out;f41c0e382c97c0938e07017e42800402
