define_size = 0, ul_angle.svg
hotspot_x = 0.166666666666667
hotspot_y = 0.166666666666667
