define_size = 0, top_tee.svg
hotspot_x = 0.458333333333333
hotspot_y = 0.208333333333333
