define_size = 0, not-allowed.svg
hotspot_x = 0.458333333333333
hotspot_y = 0.458333333333333
define_override = 03b6e0fcb3499374a867c041f52298f0;crossed_circle;forbidden
