define_size = 0, row-resize.svg
hotspot_x = 0.458333333333333
hotspot_y = 0.458333333333333
define_override = 2870a09082c103050810ffdffffe0204;c07385c7190e701020ff7ffffd08103c
