define_size = 0, nwse-resize.svg
hotspot_x = 0.458333333333333
hotspot_y = 0.458333333333333
define_override = 38c5dff7c7b8962045400281044508d2;bd_double_arrow;c7088f0f3e6c8088236ef8e1e3e70000;size-fdiag;size_fdiag
