define_size = 0, n-resize.svg
hotspot_x = 0.458333333333333
hotspot_y = 0.166666666666667
define_override = top_side
