define_size = 0, vertical-text.svg
hotspot_x = 0.458333333333333
hotspot_y = 0.458333333333333
define_override = 048008013003cff3c00c801001200000
