define_size = 0, pencil.svg
hotspot_x = 0.0833333333333333
hotspot_y = 0.833333333333333
define_override = draft
