define_size = 0, ns-resize.svg
hotspot_x = 0.458333333333333
hotspot_y = 0.458333333333333
define_override = 00008160000006810000408080010102;based_arrow_down;based_arrow_up;double_arrow;sb_v_double_arrow;size-ver;size_ver;split_v;v_double_arrow
