define_size = 0, move.svg
hotspot_x = 0.458333333333333
hotspot_y = 0.458333333333333
define_override = 4498f0e0c1937ffe01fd06f973665830;9081237383d90e509aa00f00170e968f;fcf21c00b30f7e3f83fe0dfd12e71cff;fleur;pointer-move;size_all
