define_size = 0, col-resize.svg
hotspot_x = 0.458333333333333
hotspot_y = 0.458333333333333
define_override = 043a9f68147c53184671403ffa811cc5;14fef782d02440884392942c11205230
