define_size = 0, w-resize.svg
hotspot_x = 0.166666666666667
hotspot_y = 0.458333333333333
define_override = left_side
