define_size = 0, zoom-in.svg
hotspot_x = 0.416666666666667
hotspot_y = 0.416666666666667
define_override = f41c0e382c94c0958e07017e42b00462;zoom_in
