define_size = 0, ll_angle.svg
hotspot_x = 0.166666666666667
hotspot_y = 0.791666666666667
