define_size = 0, s-resize.svg
hotspot_x = 0.458333333333333
hotspot_y = 0.791666666666667
define_override = bottom_side
