define_size = 0, right_ptr.svg
hotspot_x = 0.541666666666667
hotspot_y = 0.0416666666666667
define_override = arrow;top_right_arrow;right-arrow
