define_size = 0, e-resize.svg
hotspot_x = 0.791666666666667
hotspot_y = 0.458333333333333
define_override = right_side
