define_size = 0, pirate.svg
hotspot_x = 0.458333333333333
hotspot_y = 0.541666666666667
define_override = kill
