define_size = 0, openhand.svg
hotspot_x = 0.416666666666667
hotspot_y = 0.416666666666667
define_override = grab;hand1;5aca4d189052212118709018842178c0;9d800788f1b08800ae810202380a0822
